-42.56561
-56.34514
-7.788712
-41.25328
33.54987
147.0669
68.32677
26.98819
14.521
-7.788712
7.959318
65.7021
-47.81496
-125.2428
-26.16142
20.42651
46.67323
-34.03543
5.990808
72.26378
82.1063
65.04593
30.26903
-74.71781
-115.4002
-176.4239
-65.53149
-108.1824
100.479
128.6942
103.7598
110.3215
93.91732
24.36352
-125.8989
-95.71521
-49.78346
-196.7651
-164.6128
-61.59448
70.29528
130.6627
66.35827
36.83071
88.66798
97.85433
28.30052
54.54724
-32.72309
-142.9593
-123.2743
-144.2716
-20.91207
28.95669
58.48425
57.17191
83.41863
78.82546
105.0722
155.5971
-147.5525
-82.59181
-93.09051
-132.4606
-83.90421
-65.53149
68.98294
133.2874
143.7861
127.3819
148.3793
-139.6785
-114.0879
-97.68371
-51.75197
-32.06693
-33.37926
-34.6916
-11.06955
125.4134
154.2848
164.1273
29.61286
-45.19028
-8.444882
-55.68897
-131.8044
-77.34251
-38.62861
-26.16142
-39.94094
14.521
65.7021
189.0617
-85.87271
-24.19291
-6.476382
-5.820212
5.990808
-49.78346
-49.78346
-61.59448
22.39501
-23.53674
24.36352
23.05118
7.303148
64.38976
73.57611
138.5368
118.1955
72.26378
38.14305
33.54987
-130.4921
-106.2139
-112.7756
-87.18501
16.4895
29.61286
-9.757222
23.70735
-33.37926
19.11417
105.7283
42.73622
-151.4895
-129.8359
-45.84645
-159.3635
-25.50524
-41.25328
-46.50262
15.83333
80.1378
99.82283
122.7887
65.7021
62.42126
74.88845
71.60761
45.36089
-25.50524
-67.5
-57.00131
-147.5525
-28.12992
5.990808
-112.1194
72.91995
55.85958
47.3294
57.17191
95.88583
102.4475
44.70473
-49.78346
-206.6076
-193.4842
-160.6758
-0.5708617
128.0381
142.4738
81.45013
118.8517
137.8806
115.5709
-140.3346
-97.68371
-179.0485
-93.74671
-118.0249
-69.4685
-63.56299
9.927818
63.7336
-7.788712
98.5105
71.60761
88.01181
44.04856
-28.12992
-3.195532
-64.87533
-41.90945
-76.03021
0.7414683
22.39501
99.82283
-68.15617
30.9252
46.01706
110.3215
57.17191
28.95669
53.23491
15.17717
-100.9646
-131.8044
-146.2401
-91.77821
1.397638
32.8937
7.303148
26.33202
57.17191
76.85695
103.7598
172.0013
-121.3058
-36.6601
-45.19028
-190.8596
-28.12992
-18.94357
78.82546
59.14042
87.35564
127.3819
127.3819
-41.90945
-58.31364
-127.2113
-194.7966
-108.8386
-38.62861
-13.03806
51.92257
73.57611
86.69947
76.85695
31.58136
-12.38189
-35.34777
-4.507872
36.83071
-66.84383
-137.0538
98.5105
8.615488
82.1063
41.42389
-22.88057
-72.09317
88.66798
15.17717
94.57349
-9.101052
19.77034
34.8622
-0.5708617
15.17717
-271.5682
-8.444882
-63.56299
-5.164042
-3.851702
62.42126
57.82808
65.7021
-30.09842
86.04331
67.01444
-1.227032
-18.94357
-43.22178
-70.12466
-53.0643
-86.52891
-85.21651
20.42651
-24.19291
62.42126
112.9462
120.164
29.61286
-85.87271
-63.56299
-45.19028
19.77034
-71.437
-45.19028
-10.41338
5.990808
-59.62598
24.36352
13.20866
54.54724
91.29265
-26.81758
-8.444882
59.14042
109.0092
-76.68631
-70.78084
-131.1483
-17.63123
-39.28477
40.11155
71.60761
110.9777
120.164
-104.2454
49.95407
-11.72572
7.303148
24.36352
55.85958
101.1352
71.60761
-42.56561
-57.00131
-91.77821
-96.37141
-93.09051
-108.8386
-21.56824
77.51312
98.5105
168.7205
112.9462
40.76772
67.6706
-0.5708617
-59.62598
-116.7126
-106.2139
-175.1115
-51.75197
-63.56299
6.646978
28.95669
108.353
10.58399
76.85695
85.38714
47.98557
0.7414683
30.9252
-26.81758
-13.03806
-167.8937
-91.77821
-76.03021
44.70473
131.3189
193.6549
51.92257
178.563
19.11417
55.20341
1.397638
-99.65221
-129.1798
-114.7441
-119.3373
-33.37926
-84.56041
-22.22441
107.6968
165.4396
164.1273
136.5682
51.2664
24.36352
-171.8307
-151.4895
-133.1168
-86.52891
6.646978
2.709978
79.48162
94.57349
182.5
-74.06171
105.7283
-10.41338
-60.93832
-26.16142
-103.5892
-97.02751
-85.21651
-23.53674
113.6024
-9.101052
5.334648
129.3504
72.26378
97.19816
67.6706
-16.3189
-9.101052
-131.1483
-59.62598
-280.7546
-129.8359
-8.444882
-7.788712
128.0381
145.0984